/home/hungnh/Thanh/TSE_submission/data/evaluation_raw/Patch46,Math,50,2019_Evosuite,0,16, 1,0.396,1) test15(org.apache.commons.math.analysis.solvers.BaseSecantSolver_ESTest)	at org.apache.commons.math.analysis.solvers.BaseSecantSolver_ESTest.test15(BaseSecantSolver_ESTest.java:200),,java.lang.AssertionError: Expecting exception: TooManyEvaluationsException^,java.lang.AssertionError: Expecting exception: TooManyEvaluationsException	at sun.reflect.NativeMethodAccessorImpl.invoke0(Native Method)
/home/hungnh/Thanh/TSE_submission/data/evaluation_raw/Patch46,Math,50,2019_Evosuite,1,18,0,0.394,,,,
/home/hungnh/Thanh/TSE_submission/data/evaluation_raw/Patch46,Math,50,2019_Evosuite,2,19,0,0.308,,,,
/home/hungnh/Thanh/TSE_submission/data/evaluation_raw/Patch46,Math,50,2019_Evosuite,3,19,0,0.337,,,,
/home/hungnh/Thanh/TSE_submission/data/evaluation_raw/Patch46,Math,50,2019_Evosuite,4,18,0,0.39,,,,
/home/hungnh/Thanh/TSE_submission/data/evaluation_raw/Patch46,Math,50,2019_Evosuite,5,18,0,0.417,,,,
/home/hungnh/Thanh/TSE_submission/data/evaluation_raw/Patch46,Math,50,2019_Evosuite,6,19,0,0.405,,,,
/home/hungnh/Thanh/TSE_submission/data/evaluation_raw/Patch46,Math,50,2019_Evosuite,7,19,0,0.413,,,,
/home/hungnh/Thanh/TSE_submission/data/evaluation_raw/Patch46,Math,50,2019_Evosuite,8,18,0,0.415,,,,
/home/hungnh/Thanh/TSE_submission/data/evaluation_raw/Patch46,Math,50,2019_Evosuite,9,18,0,0.416,,,,
/home/hungnh/Thanh/TSE_submission/data/evaluation_raw/Patch46,Math,50,2019_Evosuite,10,17,0,0.316,,,,
/home/hungnh/Thanh/TSE_submission/data/evaluation_raw/Patch46,Math,50,2019_Evosuite,11,17,0,0.443,,,,
/home/hungnh/Thanh/TSE_submission/data/evaluation_raw/Patch46,Math,50,2019_Evosuite,12,17,0,0.318,,,,
/home/hungnh/Thanh/TSE_submission/data/evaluation_raw/Patch46,Math,50,2019_Evosuite,13,18,0,0.377,,,,
/home/hungnh/Thanh/TSE_submission/data/evaluation_raw/Patch46,Math,50,2019_Evosuite,14,20,0,0.442,,,,
/home/hungnh/Thanh/TSE_submission/data/evaluation_raw/Patch46,Math,50,2019_Evosuite,15,18,0,0.338,,,,
/home/hungnh/Thanh/TSE_submission/data/evaluation_raw/Patch46,Math,50,2019_Evosuite,16,17,0,0.382,,,,
/home/hungnh/Thanh/TSE_submission/data/evaluation_raw/Patch46,Math,50,2019_Evosuite,17,17,0,0.403,,,,
/home/hungnh/Thanh/TSE_submission/data/evaluation_raw/Patch46,Math,50,2019_Evosuite,18,18,0,0.38,,,,
/home/hungnh/Thanh/TSE_submission/data/evaluation_raw/Patch46,Math,50,2019_Evosuite,19,17,0,0.384,,,,
/home/hungnh/Thanh/TSE_submission/data/evaluation_raw/Patch46,Math,50,2019_Evosuite,20,19,0,0.418,,,,
/home/hungnh/Thanh/TSE_submission/data/evaluation_raw/Patch46,Math,50,2019_Evosuite,21,17,0,0.412,,,,
/home/hungnh/Thanh/TSE_submission/data/evaluation_raw/Patch46,Math,50,2019_Evosuite,22,19,0,0.398,,,,
/home/hungnh/Thanh/TSE_submission/data/evaluation_raw/Patch46,Math,50,2019_Evosuite,23,18,0,0.373,,,,
/home/hungnh/Thanh/TSE_submission/data/evaluation_raw/Patch46,Math,50,2019_Evosuite,24,17,0,0.41,,,,
/home/hungnh/Thanh/TSE_submission/data/evaluation_raw/Patch46,Math,50,2019_Evosuite,25,19,0,0.41,,,,
/home/hungnh/Thanh/TSE_submission/data/evaluation_raw/Patch46,Math,50,2019_Evosuite,26,17,0,0.406,,,,
/home/hungnh/Thanh/TSE_submission/data/evaluation_raw/Patch46,Math,50,2019_Evosuite,27,19,0,0.413,,,,
/home/hungnh/Thanh/TSE_submission/data/evaluation_raw/Patch46,Math,50,2019_Evosuite,28,18,0,0.355,,,,
/home/hungnh/Thanh/TSE_submission/data/evaluation_raw/Patch46,Math,50,2019_Evosuite,29,18,0,0.415,,,,
